[Command: python -u 'C:\Users\matth\Documents\Atom\397A Homeworks\Homeworks\homework3\classify.py']
{'Slightly higher': 94, 'Slightly lower': 113, 'Much lower': 96, 'Much Higher': 39, 'About the same': 119}
{'Recurring Payments': 72, 'One-Time Payment': 188, 'Combo Payment': 57, 'No Aid': 144}
{'Slightly higher': {'Income increase due to COVID-19 related stimulus payment': 39, 'Buying products out of boredom': 55}, 'Slightly lower': {'Lockdown Orders (Reduced access to retail outlets, restaurants, etc.)': 83, 'Financial Constraints (Unemployment, increased healthcare costs, etc.)': 27, 'Health': 3}, 'Much lower': {'Lockdown Orders (Reduced access to retail outlets, restaurants, etc.)': 61, 'Financial Constraints (Unemployment, increased healthcare costs, etc.)': 30, 'Health': 5}, 'Much higher': {'Buying products out of boredom': 21, 'Income increase due to COVID-19 related stimulus payment': 18}, 'About the same': {'none': 119}}
       0    1    2    3    4    5
0    0.0  0.0  0.0  1.0  0.0  0.0
1    0.0  0.0  0.0  0.0  1.0  0.0
2    0.0  0.0  0.0  1.0  0.0  0.0
3    0.0  0.0  0.0  0.0  1.0  0.0
4    1.0  0.0  0.0  0.0  0.0  0.0
..   ...  ...  ...  ...  ...  ...
456  0.0  0.0  0.0  0.0  1.0  0.0
457  0.0  0.0  0.0  0.0  1.0  0.0
458  0.0  0.0  0.0  0.0  1.0  0.0
459  0.0  0.0  0.0  0.0  1.0  0.0
460  1.0  0.0  0.0  0.0  0.0  0.0

[461 rows x 6 columns]
data        0    1    2    3    4    5  change
0    0.0  0.0  0.0  1.0  0.0  0.0       3
1    0.0  0.0  0.0  0.0  1.0  0.0       1
2    0.0  0.0  0.0  1.0  0.0  0.0       3
3    0.0  0.0  0.0  0.0  1.0  0.0       0
4    1.0  0.0  0.0  0.0  0.0  0.0       3
..   ...  ...  ...  ...  ...  ...     ...
456  0.0  0.0  0.0  0.0  1.0  0.0       1
457  0.0  0.0  0.0  0.0  1.0  0.0       0
458  0.0  0.0  0.0  0.0  1.0  0.0       1
459  0.0  0.0  0.0  0.0  1.0  0.0       0
460  1.0  0.0  0.0  0.0  0.0  0.0       3

[461 rows x 7 columns]
target [3, 1, 3, 1, 5, 1, 1, 1, 0, 0, 1, 3, 1, 5, 1, 1, 1, 0, 1, 1, 5, 5, 1, 0, 3, 3, 1, 1, 5, 1, 1, 0, 1, 5, 1, 5, 1, 3, 3, 3, 1, 0, 1, 5, 1, 1, 1, 5, 5, 5, 3, 5, 1, 1, 0, 5, 1, 1, 5, 1, 1, 3, 3, 1, 1, 0, 0, 1, 5, 3, 0, 1, 1, 0, 5, 1, 0, 3, 5, 0, 0, 5, 1, 3, 0, 0, 1, 1, 1, 1, 3, 3, 1, 1, 0, 0, 1, 1, 3, 3, 1, 0, 1, 1, 0, 1, 3, 0, 1, 0, 5, 3, 1, 1, 5, 1, 5, 1, 1, 1, 3, 1, 1, 1, 1, 5, 1, 3, 3, 3, 1, 1, 0, 1, 3, 5, 3, 3, 1, 1, 5, 5, 0, 5, 1, 1, 3, 1, 1, 1, 0, 0, 1, 3, 1, 3, 3, 1, 1, 0, 5, 5, 1, 0, 3, 1, 0, 1, 1, 1, 1, 3, 0, 1, 5, 1, 3, 3, 0, 3, 0, 3, 1, 5, 1, 0, 0, 5, 1, 1, 0, 3, 3, 5, 3, 5, 0, 0, 0, 1, 1, 0, 0, 1, 0, 1, 1, 1, 1, 1, 1, 1, 0, 5, 1, 1, 1, 0, 1, 1, 1, 1, 3, 1, 0, 5, 1, 1, 1, 1, 1, 1, 3, 1, 5, 1, 0, 5, 1, 5, 0, 0, 1, 5, 1, 1, 1, 1, 0, 1, 0, 0, 3, 0, 1, 0, 0, 1, 0, 0, 0, 0, 1, 0, 1, 5, 1, 1, 1, 0, 0, 1, 0, 0, 3, 0, 1, 1, 0, 3, 0, 0, 0, 3, 0, 0, 0, 0, 0, 3, 3, 3, 3, 3, 1, 0, 0, 3, 0, 1, 1, 5, 0, 0, 3, 0, 3, 3, 0, 0, 0, 5, 0, 0, 0, 0, 0, 0, 1, 0, 0, 1, 0, 3, 5, 0, 0, 0, 3, 0, 0, 0, 0, 1, 3, 0, 5, 3, 3, 5, 0, 0, 1, 3, 0, 0, 3, 1, 0, 3, 1, 1, 3, 5, 1, 0, 0, 0, 0, 1, 0, 3, 0, 0, 0, 0, 0, 0, 0, 1, 1, 5, 1, 1, 1, 1, 0, 1, 0, 5, 5, 5, 1, 1, 3, 0, 1, 1, 0, 0, 1, 1, 1, 0, 3, 5, 1, 0, 5, 0, 1, 3, 0, 1, 0, 1, 0, 5, 0, 1, 0, 0, 1, 0, 0, 1, 1, 0, 1, 0, 0, 1, 1, 1, 0, 0, 1, 5, 5, 1, 0, 0, 1, 5, 0, 1, 0, 1, 1, 1, 1, 0, 0, 5, 1, 0, 0, 1, 1, 1, 0, 1, 1, 1, 0, 1, 0, 1, 0, 1, 1]
0.3118279569892473
[Finished in 4.737s]
